Enter Path , in the following order:source row ,source col ,source layer ,target row ,target col ,target layer
To exit enter the source row as a negative number
0
1
1
4
4
2
 Path :  [(0, 1, 1), (0, 2, 1), (0, 3, 1), (0, 4, 1), (1, 4, 2), (2, 4, 2), (3, 4, 2), (4, 4, 2)]
 g :  [0, 1, 1, 1, 3, 1, 1, 1]
 f :  [8, 8, 7, 6, 6, 3, 2, 1]
 
The Grid
[0, 0, 0],[1, 0, 0],[1, 0, 0],[1, 0, 0],[1, 0, 0] 

[0, 0, 0],[0, 0, 0],[0, 0, 0],[0, 0, 0],[0, 1, 0] 

[0, 0, 0],[0, 0, 0],[0, 0, 0],[0, 0, 0],[0, 1, 0] 

[0, 0, 0],[0, 0, 0],[0, 0, 0],[0, 0, 0],[0, 1, 0] 

[0, 0, 0],[0, 0, 0],[0, 0, 0],[0, 0, 0],[0, 1, 0] 

0
0
1
1
3
2
 Path :  [(0, 0, 1), (1, 0, 2), (0, 0, 2), (0, 1, 1), (1, 1, 2), (0, 1, 2), (0, 2, 1), (1, 2, 2), (0, 2, 2), (0, 3, 1), (1, 3, 2)]
 g :  [0, 3, 1, 3, 3, 1, 3, 3, 1, 3, 3]
 f :  [5, 6, 5, 7, 5, 4, 6, 4, 3, 5, 3]
 
The Grid
[1, 1, 0],[1, 1, 0],[1, 1, 0],[1, 0, 0],[1, 0, 0] 

[0, 1, 0],[0, 1, 0],[0, 1, 0],[0, 1, 0],[0, 1, 0] 

[0, 0, 0],[0, 0, 0],[0, 0, 0],[0, 0, 0],[0, 1, 0] 

[0, 0, 0],[0, 0, 0],[0, 0, 0],[0, 0, 0],[0, 1, 0] 

[0, 0, 0],[0, 0, 0],[0, 0, 0],[0, 0, 0],[0, 1, 0] 

-1
2
2
2
2
2
Cpu Time 21.600341320037842
