Enter Path , in the following order:source row ,source col ,source layer ,target row ,target col ,target layer
To exit enter the source row as a negative number
0
0
1
1
1
2
 Path :  [(0, 0, 1), (0, 1, 1), (1, 1, 2)]
 g :  [0, 1, 3]
 f :  [3, 3, 3]
 
0
1
2
0
0
3
 Path :  [(0, 1, 2), (0, 0, 3)]
 g :  [0, 3]
 f :  [2, 3]
 
0
0
1
3
3
2
 Path :  [(0, 0, 1), (1, 0, 2), (2, 0, 2), (3, 0, 2), (4, 0, 2), (4, 1, 1), (4, 2, 1), (4, 3, 1), (3, 3, 2)]
 g :  [0, 3, 1, 1, 1, 3, 1, 1, 3]
 f :  [7, 8, 5, 4, 5, 7, 4, 3, 3]
 
1
1
2
0
3
1
 Path :  [(1, 1, 2), (2, 1, 2), (3, 1, 2), (4, 1, 2), (4, 2, 1), (3, 2, 2), (2, 2, 2), (1, 2, 2), (0, 2, 2), (0, 3, 1)]
 g :  [0, 1, 1, 1, 3, 3, 1, 1, 1, 3]
 f :  [2, 4, 5, 6, 8, 6, 3, 2, 1, 3]
 
-1
2
2
2
2
2
The Grid
[1, 0, 1],[1, 1, 0],[0, 1, 0],[1, 0, 0],[0, 0, 0] 

[0, 1, 0],[0, 1, 0],[0, 1, 0],[0, 0, 0],[0, 0, 0] 

[0, 1, 0],[0, 1, 0],[0, 1, 0],[0, 0, 0],[0, 0, 0] 

[0, 1, 0],[0, 1, 0],[0, 1, 0],[0, 1, 0],[0, 0, 0] 

[0, 1, 0],[1, 1, 0],[1, 0, 0],[1, 0, 0],[0, 0, 0] 
