Enter Path , in the following order:source row ,source col ,source layer ,target row ,target col ,target layer
To exit enter the source row as a negative number
0
0
1
0
0
3
 Path :  [(0, 0, 1), (0, 1, 1), (0, 2, 1), (0, 3, 1), (0, 4, 1), (1, 4, 2), (0, 4, 2), (0, 3, 3), (0, 2, 3), (0, 1, 3), (0, 0, 3)]
 g :  [0, 1, 1, 1, 1, 3, 1, 3, 1, 1, 1]
 f :  [2, 4, 5, 6, 7, 9, 6, 6, 3, 2, 1]
 
1
1
3
0
0
2
 Path :  [(1, 1, 3), (1, 0, 3), (2, 0, 2), (1, 0, 2), (0, 0, 2)]
 g :  [0, 1, 3, 1, 1]
 f :  [1, 1, 5, 2, 1]
 
3
4
1
4
4
2
 Path :  [(3, 4, 1), (4, 4, 2)]
 g :  [0, 3]
 f :  [2, 3]
 
-1
1
1
1
1
1
The Grid
[1, 1, 1],[1, 0, 1],[1, 0, 1],[1, 0, 1],[1, 1, 0] 

[0, 1, 1],[0, 0, 1],[0, 0, 0],[0, 0, 0],[0, 1, 0] 

[0, 1, 0],[0, 0, 0],[0, 0, 0],[0, 0, 0],[0, 0, 0] 

[0, 0, 0],[0, 0, 0],[0, 0, 0],[0, 0, 0],[1, 0, 0] 

[0, 0, 0],[0, 0, 0],[0, 0, 0],[0, 0, 0],[0, 1, 0] 

