Enter Path , in the following order:source row ,source col ,source layer ,target row ,target col ,target layer
To exit enter the source row as a negative number
3
3
1
3
1
2
 Path :  [(3, 3, 1), (3, 2, 1), (3, 1, 1), (3, 0, 1), (2, 0, 2), (3, 0, 2), (4, 0, 2), (4, 1, 1), (3, 1, 2)]
 g :  [0, 1, 1, 1, 3, 1, 1, 3, 3]
 f :  [3, 3, 2, 3, 5, 2, 3, 5, 3]
 
3
3
1
3
1
2
Cannot find a next node, so cannot find a path # another trial was done the next line
 Path :  [(3, 3, 1), (3, 4, 1), (2, 4, 2), (3, 4, 2), (4, 4, 2), (4, 3, 1), (4, 2, 1), (3, 2, 2), (2, 2, 2), (1, 2, 2), (0, 2, 2), (0, 1, 1), (1, 1, 2), (2, 1, 2), (2, 0, 1), (2, 1, 1), (2, 2, 1), (2, 3, 1), (3, 3, 2), (2, 3, 2), (1, 3, 2), (0, 3, 2), (0, 2, 1), (0, 3, 1), (0, 4, 1), (1, 4, 2), (0, 4, 2), (0, 3, 1), (0, 3, 1)]
 g :  [0, 1, 3, 1, 1, 3, 1, 3, 1, 1, 1, 3, 3, 1, 3, 1, 1, 1, 3, 1, 1, 1, 3, 1, 1, 3, 1, 3, 0]
 f :  [3, 5, 7, 4, 5, 7, 4, 4, 3, 4, 5, 7, 5, 2, 6, 3, 4, 5, 5, 4, 5, 6, 8, 7, 8, 8, 7, 9, 0]
 

